0	Aspirina	Aspirina	Aspirina	Aspirina	Aspirina	Aspirina	Aspirina	Aspirina	Aspirina	Aspirina	Aspirina	Aspirina	Aspirina	Aspirina	Aspirina	Aspirina	Aspirina	Aspirina	Aspirina	Aspirina	Aspirina	Aspirina	Aspirina	Aspirina	Aspirina	Aspirina	Aspirina	Aspirina	Aspirina	Aspirina	Aspirina	Aspirina	Aspirina	Aspirina	Aspirina	Aspirina	Aspirina	Aspirina	Aspirina	Aspirina	Aspirina	Aspirina	Aspirina	Aspirina	Aspirina	Aspirina	Aspirina	Aspirina	Aspirina	Aspirina	Ibuprofeno	Ibuprofeno	Ibuprofeno	Ibuprofeno	Ibuprofeno	Ibuprofeno	Ibuprofeno	Ibuprofeno	Ibuprofeno	Ibuprofeno	Ibuprofeno	Ibuprofeno	Ibuprofeno	Ibuprofeno	Ibuprofeno	Ibuprofeno	Ibuprofeno	Ibuprofeno	Ibuprofeno	Ibuprofeno	Ibuprofeno	Ibuprofeno	Ibuprofeno	Ibuprofeno	Ibuprofeno	Ibuprofeno	Ibuprofeno	Ibuprofeno	Ibuprofeno	Ibuprofeno	Ibuprofeno	Ibuprofeno	Ibuprofeno	Ibuprofeno	Ibuprofeno	Ibuprofeno	Ibuprofeno	Ibuprofeno	Ibuprofeno	Ibuprofeno	Ibuprofeno	Ibuprofeno	Ibuprofeno	Ibuprofeno	Ibuprofeno	Ibuprofeno	Ibuprofeno	Ibuprofeno	Ibuprofeno	Ibuprofeno	Paracetamol	Paracetamol	Paracetamol	Paracetamol	Paracetamol	Paracetamol	Paracetamol	Paracetamol	Paracetamol	Paracetamol	Paracetamol	Paracetamol	Paracetamol	Paracetamol	Paracetamol	Paracetamol	Paracetamol	Paracetamol	Paracetamol	Paracetamol	Paracetamol	Paracetamol	Paracetamol	Paracetamol	Paracetamol	Paracetamol	Paracetamol	Paracetamol	Paracetamol	Paracetamol	Paracetamol	Paracetamol	Paracetamol	Paracetamol	Paracetamol	Paracetamol	Paracetamol	Paracetamol	Paracetamol	Paracetamol	Paracetamol	Paracetamol	Paracetamol	Paracetamol	Paracetamol	Paracetamol	Paracetamol	Paracetamol	Paracetamol	Paracetamol
Aspirina	0.0	0.0019144765436536414	0.0015940395089833878	0.0017718530289501956	0.00198656902502782	0.0018571101491833984	0.0015617967957452087	0.0015536297777141083	0.0019013748476299987	0.0019914076381293703	0.0019741420848560978	0.0019175336662494334	0.00196230669779217	0.0031363755763938743	0.0029599356692671555	0.002976608448587087	0.003280275501341322	0.002056339310814243	0.002397704256408621	0.0025535602442864017	0.0022872042357865666	0.002288162474825591	0.0027032272881132276	0.0026470231499176587	0.0026114115447780344	0.003282822550976526	0.0016637163298471266	0.0015846099045821985	0.0014962840726947548	0.0012355383796952622	0.0023974643701627787	0.002321269377129679	0.002245866144987272	0.002255018442540993	0.0018299154724194246	0.0016899850550226765	0.001731376952370571	0.001402351500587495	0.0014947269921962306	0.002826413694277607	0.0026873417972412775	0.00257485245620016	0.0026658309898041173	0.002833525158031958	0.0014328299484586415	0.0012964346054467975	0.0023669633584405157	0.0025849556516892133	0.001686766893705231	0.0013767020796817278	0.0021740333383368335	0.002342588162951396	0.002338409028848462	0.003050029232843512	0.0031646437147331476	0.0036764506138665877	0.0030854366678316294	0.0026845881055014725	0.003258362352655086	0.002592127176895448	0.002478327140673725	0.002359492527260892	0.002640472238293749	0.002169859636289867	0.002224981041761926	0.0030400807260992295	0.0018628988381552013	0.0017228698169623837	0.001756653268633281	0.0017402243580067482	0.0017472231629645945	0.0016014340998617442	0.0027509098615185533	0.003699188782854968	0.002545247414535569	0.0022250179608713262	0.002529116119556392	0.0023100603176540615	0.002143859756653873	0.0016423038105661204	0.0015074423458958542	0.002279541888450399	0.002002135026964961	0.0012646426067075217	0.0016670156496565974	0.0021376171666601103	0.0022256215471638478	0.002133743113919762	0.0021930148303648056	0.0016790499370775108	0.002028630624510042	0.002089143829706319	0.0019949838147714388	0.0019050861453488116	0.0019954486246706532	0.0031079167936416854	0.0018581290808767838	0.0031136446676202465	0.001985747261410675	0.003758241967246789	0.0026048709301374224	0.002710209098243163	0.002274774875938275	0.002300216708529871	0.002003147511093479	0.0018442385179797064	0.0015457575376494172	0.001966836105576668	0.00299491464673035	0.003766202986590074	0.0033295235141383274	0.002746774048989105	0.0018896417123888845	0.0022349036905871394	0.002288386512632865	0.0026962012111858467	0.002308082180339342	0.0020626576188742494	0.0019318340563309253	0.0019854021255654997	0.0023697920425007762	0.0022296742645956107	0.0020781813638852567	0.0021017409845649404	0.0022021774567913435	0.0022165047701730753	0.0019358146518197413	0.0016846208330660044	0.002199275081945185	0.0021877324473527355	0.0022754161676932882	0.002226490444893038	0.0017779981808764573	0.0017936724774049488	0.0019408600532238249	0.0024246201065734004	0.0025812166852474767	0.002640973531900689	0.0027501345751071897	0.002555380642135332	0.0022181632674805503	0.0019141293598396092	0.001744463598416429	0.0023115733216145192	0.0020227426952531564	0.0018320857693350464	0.002020053290435678	0.0024678977544055603	0.002426517918994218	0.002016331695480683
Aspirina	0.0019144765436536414	0.0	0.0008309452448868139	0.000857567490055449	0.0006896399422887293	0.0007081941824104464	0.0008152341688128627	0.0008008390912037198	0.0008954373233230824	0.0008180030562290109	0.0009263650738234899	0.0008249130257184709	0.0007961475993809209	0.0019298610558794158	0.0018971540527853864	0.001919221000822993	0.0021407249338716967	0.001094461397217832	0.001129813258906092	0.0012888622889975514	0.0011824118360368395	0.0012986756292469683	0.0014778062288405775	0.0014807664400573117	0.0014967308542286426	0.0019869944010993093	0.0012508881844513538	0.0012389126078945184	0.0015795686911305898	0.0013955446974210513	0.0011622734951378696	0.0014089896202598541	0.001122048572923653	0.0011725530904824768	0.001152935259457357	0.0012241589970261241	0.0013570228443176681	0.001380265010785977	0.0013514487596649784	0.0014707591577141485	0.0013626172986205703	0.0011804818931267036	0.0012327785689246892	0.0013073831687764775	0.0010186931579234271	0.0010646696670798886	0.0010682952049878385	0.0012785557281558017	0.0010906218432619093	0.0010069600289981735	0.0012361627035507917	0.0014321667151557464	0.0014389413643369948	0.0025690981394255927	0.002458911852832472	0.0027203865074654455	0.0023569397531545146	0.0017287125990169624	0.0023095240310505643	0.0014464352733530846	0.0012502159813408285	0.0017903936019769467	0.002126986306961098	0.0016484055174622557	0.001968327335582166	0.0025769069637843066	0.001660595600981767	0.0017295324512711537	0.0018835457254869096	0.0017031361513396377	0.0024109226449639553	0.0025690811100469446	0.0017751915389613553	0.003143642194970675	0.0016839678589569303	0.0010361746956956644	0.00234567714104052	0.001688088786172097	0.001402980844487908	0.0015927091699365586	0.0013213377690810208	0.001849075377046586	0.001714267846633068	0.0013214417410540654	0.0014266996880913675	0.0014799073450726607	0.0017677496994767047	0.0015845153833270304	0.0015144011192547383	0.0012110729746798935	0.0013953330570154246	0.001061894886511847	0.0010253596929858345	0.0010314308023323742	0.0009935415957573212	0.002766891441672409	0.0010272357324392517	0.0027385765919543063	0.0009742627982223298	0.0032772917607187526	0.0013692361921432714	0.0014488509240084071	0.0011547222609788062	0.0011110654796185507	0.0012306642515324826	0.0009990554288927137	0.0010237354003843	0.001345881031146519	0.001629978680842182	0.002761172350651084	0.0024088697557153337	0.0017322251585749474	0.0009428586850636749	0.0010486268402058036	0.001116347271237764	0.0018103194469485187	0.0010849118627796498	0.0010892170284199595	0.0011998336343010257	0.0010709598358482001	0.0012699964794636244	0.0010947834260711137	0.0010716810393022757	0.0010484440852997368	0.0010537984864289777	0.0011406125547266284	0.001138278634605782	0.0012834614330006202	0.0012096050560947583	0.0011393921625147342	0.0011554864776361531	0.0009788836754180766	0.000987156016037994	0.0010957156337298504	0.0010307585798818278	0.0011586801758897971	0.0013765093534008426	0.001269066093629486	0.0017622069969217607	0.0013209468195200015	0.0010882383700274525	0.0010264579874500494	0.001212676997390487	0.0013487825992353265	0.0012307622638023973	0.0010885954253073112	0.0012297181587664725	0.001164442892545619	0.0012666624451684078	0.0009898343295723796
Aspirina	0.0015940395089833878	0.0008309452448868139	0.0	0.0008271834742062962	0.0010016292976945144	0.0007651173112667105	0.0007117645326932227	0.0006810559815463062	0.0008626007187569481	0.000993398208172334	0.0009039022347577208	0.0009566843784655425	0.0008987519123762718	0.0021473068586021883	0.0020557457284401757	0.002100435371536104	0.002325157175870054	0.0010792227527253162	0.0013021226900718703	0.0014422770191610263	0.0012880299880049387	0.001354849692770384	0.0016500496204660074	0.0016497250528497197	0.001662644504997992	0.002212604291327301	0.0011085667548686468	0.0010290647209966945	0.0013749642722631057	0.0010855157541463897	0.0012702173347502396	0.0014575802722320325	0.001244284533376514	0.001215354783592019	0.0009916820622054236	0.0011106321398194835	0.0011747791281768686	0.0010900477053780745	0.0010893411999919973	0.0016533042672176254	0.0015327511221656309	0.001421316819009757	0.0014898741557594754	0.0016118586321386904	0.0009034593239321869	0.0008972165290497057	0.0012043965688260689	0.0014326779994122982	0.0009839584366221985	0.0009076254734195167	0.0013603811633692965	0.0015660775842850207	0.0015879123873816239	0.002634912854346427	0.0025438207484019073	0.002893030806956619	0.0024367318276741143	0.0018221862555732303	0.0025123484531410136	0.0016673499932527702	0.001500972184952143	0.0017816159097852687	0.0021806864171631836	0.0017168962548738949	0.001884991511917226	0.0026430407677521836	0.001587406768915896	0.0016531680192890233	0.001774899715476906	0.0016488152564796386	0.0022351506660625814	0.002318772897461063	0.00191996002562553	0.003227151104302383	0.001818233139616589	0.0011835512240710188	0.0022908331999515054	0.0017201419272839065	0.0014998295736516239	0.0014282561044854666	0.0011668731721999623	0.001826728017522036	0.0016580332475556669	0.0010918466810866823	0.0013560424034667951	0.0014898541035953843	0.0016997935168719762	0.0015957748901395871	0.0015176116927593842	0.0011835678054087145	0.0012670989464126322	0.001161357933627701	0.0010673148551388226	0.0010921444501530008	0.0009925269278462938	0.0027364895852168055	0.0009904828368023355	0.0027090021686960765	0.0010879678304067655	0.003320024648233056	0.0015985753266189863	0.0016987438005773594	0.0013404723048239385	0.001338307326438886	0.001256780211492846	0.0010322091600058596	0.0009409205439355659	0.0013784073236891954	0.0019236301619594066	0.0030215742999304255	0.002530389989705154	0.0019510267809540718	0.0009561323130194912	0.001247678744709553	0.001209325774967192	0.0019357238956008139	0.001281146459230952	0.0010843528185051257	0.0012135488247285331	0.001117728822210471	0.001340688658059731	0.0012150311724396239	0.0012226006093569585	0.0012687245563951254	0.0012719890919343625	0.0012458693751754245	0.0011646807502487555	0.0012312900754899326	0.001259115584539403	0.0012989659348882135	0.0013352284448737628	0.001149043188918503	0.0009883450814366424	0.0010191919593481905	0.0011922576273608004	0.001450926342031189	0.0015252794825867195	0.0015676668172797464	0.0019615427601762858	0.0015412952345349046	0.0012421190562905	0.0011602954365160646	0.0011136330185478533	0.0015430220348394245	0.0012234975480155264	0.0011208438785129734	0.001183983213563438	0.0014617163712567556	0.0014829950269640167	0.0011808376264330358
Aspirina	0.0017718530289501956	0.000857567490055449	0.0008271834742062962	0.0	0.0009248622870460219	0.0007937792514295127	0.0007536910839329303	0.0008599117687297929	0.0010264596923406219	0.0009218980420849153	0.0010048006021096932	0.0008257950714311652	0.0010688119572684449	0.0021397044410385335	0.0020078408801496236	0.0020780098050779306	0.0023080169393875772	0.0011465638883202296	0.0012864571504717925	0.001420427576471254	0.001303189069168402	0.0013709955105688744	0.0016231416296799285	0.0015944611158632876	0.0016366703241642788	0.002176719148167718	0.001246790178819194	0.00128415736963972	0.0015846631345494263	0.0013839677028384726	0.0013970303423691268	0.0015627660573483177	0.0013833725094854238	0.0013117062361672315	0.0012353799668523042	0.001301022194276487	0.0013963237446953344	0.0013412661928193087	0.0013106764474880913	0.0016396618553836115	0.0015285878949213285	0.00139324997757043	0.0015252727624920127	0.0015637625299258259	0.0010674023374529404	0.0010744172839265026	0.0012849144699161885	0.0014088662995472656	0.0011198129330383707	0.0010560286454448116	0.0014092747016284653	0.001667747882624953	0.001701399056658962	0.002682624041866476	0.0025749215522030996	0.0028715273374982954	0.00248977990995189	0.0018362288119948451	0.002477244083654259	0.0016658700429505306	0.0015074851574725355	0.001917158639758327	0.002193368357116517	0.001793675765014403	0.0019646460240969593	0.002657331085882981	0.001674407880416238	0.001798886878044309	0.0018757241268374204	0.0017584751206656277	0.002384866138801082	0.002487890823569228	0.001908376011167605	0.0032267592488439654	0.001827578931263979	0.001252660568549997	0.0023790850657343164	0.0018268986698774517	0.0016373239600030304	0.001550244013050853	0.0013301710416333701	0.0018800278588361375	0.0017859580762156703	0.001286390230451085	0.0014936796845374878	0.0015720907257534475	0.0017789102000944233	0.0017614353522056954	0.0016612917413868049	0.001374137456734225	0.0013340896109332394	0.00123712458952201	0.0012386195945487083	0.0011761466745266091	0.001163852182409776	0.002836319313829112	0.0011580642253346746	0.00276440178881436	0.0012306496251980096	0.0033613353306201116	0.0015697370543740746	0.0016432595656195083	0.0013383256330206056	0.0013614892581287608	0.0012757084306376587	0.001268194681427107	0.001124336124119473	0.0014772766328619725	0.0019161792713626809	0.003017894174751663	0.0025889532633865814	0.002012454968440293	0.0011036879087858136	0.0012476536979466723	0.001268567668672034	0.0018840922217343802	0.0013296353823511187	0.0012437532251214488	0.0013487608201604923	0.0012536976589273827	0.001416306221426004	0.001293407031834915	0.0012891474896225045	0.0013212161064716135	0.0013615565540953509	0.0012785161320843792	0.0012663953766498047	0.0012328983129196044	0.0013445482082208892	0.001312889751654726	0.0014422858593219339	0.0011403447943495026	0.001042699141651131	0.0012067281176802007	0.0013441254591741076	0.0014460640545978583	0.0015594188019900253	0.0015822590653872127	0.0020099902984840497	0.001679411652930874	0.0013629606560719223	0.0012172980325294224	0.0012692405209415595	0.0015326159010006384	0.0013584096399834635	0.0012527870928453898	0.0014035833605454307	0.0014862838726165373	0.0015626665511234326	0.0011781290251920659
Aspirina	0.00198656902502782	0.0006896399422887293	0.0010016292976945144	0.0009248622870460219	0.0	0.0007706265308176203	0.0008460330962793354	0.0008686293801155935	0.0008744711258812379	0.0007389429950950204	0.0009324116580137755	0.0007966220873161857	0.000799804507364144	0.0019224772547419167	0.0018974553354427133	0.0019432083007233174	0.002159922878831554	0.001180617846722641	0.0012025149687218055	0.001320468382809678	0.0012611306435100233	0.0013563022856280995	0.0015008099479947516	0.0014971497921049855	0.0015416838197243952	0.0019960320638707217	0.00134069534197744	0.0013714050823881315	0.0017011845872802903	0.0015045473413954162	0.0012797872977569377	0.0014701447207673122	0.0012153498467519562	0.0012435111579716554	0.0012933166907219602	0.0013344708689214647	0.0014780058355771187	0.0014975151919095877	0.0014824366765565447	0.0015244534266418313	0.0014291745528451092	0.00120444437397499	0.0013038992484084044	0.0013271799049111683	0.0011160349456894281	0.0011702590525178606	0.0011525030780869996	0.0013125724741895228	0.0011898724112273575	0.0010728495933727176	0.0013272096630336891	0.001532263440143375	0.0014946156696622765	0.0025918627471376715	0.0024638340548827635	0.0027165043714303173	0.0023825691490489942	0.0017833727877255472	0.0023132302090367127	0.0014856559998869241	0.001236202147708864	0.0018526984374150049	0.0021522525409440204	0.0016873179901844243	0.001981854623830916	0.0025628959694064873	0.0017104337169267937	0.0017570897102880104	0.001934425043779162	0.0017464468214062542	0.0024617211966427117	0.002622273155108009	0.0017849549714208472	0.0031347231935212536	0.0017129681841762242	0.0011040503838140744	0.002391078940562197	0.0017386031749654636	0.0014946909379533985	0.0016615505559566934	0.0014320236555308734	0.0019107448809299445	0.0017747847756840764	0.0014370690397472274	0.0015154948861675593	0.0015416470088836834	0.0018279914523870162	0.001681861543052818	0.0015552536770572223	0.0013223707876386284	0.0014747999321941961	0.0011411353995034981	0.0010423769711577502	0.0010816675783252468	0.001156012609144035	0.002789839332291388	0.0011353748279753265	0.0027395169282192875	0.0011186995798694128	0.003274483037805353	0.0013950561780354945	0.0015025532436489595	0.0012579035137879246	0.001173685967369469	0.0013478628453963723	0.0011840356835839054	0.0011802695327763075	0.0014630283660954791	0.0016532397738985131	0.002738271443812689	0.002443925786516448	0.001743506739304439	0.0010616441258726973	0.0010712985111536399	0.0012560004896495878	0.0018585938905527457	0.0012124677315293831	0.0012271974922562407	0.0013403727093610964	0.0011873074664972018	0.0013394514092903874	0.0011879968434301527	0.0011895083017785142	0.0011401674219166267	0.0011414203870616652	0.0012196592761915112	0.0012638223767602798	0.0013455363242960072	0.0012943279171948666	0.0011719781354615818	0.00125356601341932	0.0010794489334841192	0.001091036548425396	0.0012594343968623397	0.00109907734031778	0.0011618569189018105	0.0014357483240456895	0.001297909665577694	0.0016950241148727056	0.001367545885884639	0.0011478699839267542	0.0010627166837873599	0.0013124024725670125	0.001330665716850031	0.0012957310677760277	0.0011889767659630714	0.0013202904983373948	0.001237821069460367	0.0013154415608456363	0.0010254322259418227
Aspirina	0.0018571101491833984	0.0007081941824104464	0.0007651173112667105	0.0007937792514295127	0.0007706265308176203	0.0	0.0007145832701652047	0.0008087525888675723	0.0007173126933214008	0.0006916339349684913	0.0007497567939005275	0.0007727402539016588	0.0007231386450743745	0.001943639304243462	0.0018764235929022005	0.0019276612124541003	0.0021568281787152153	0.001080106360503446	0.0011898453681046127	0.0012985380240870903	0.0012141736902107564	0.001277684855510155	0.0014943367257750203	0.0014790643157077405	0.0015192006944442858	0.0020097716910136825	0.0012322801020871852	0.0012427676170547756	0.0015811200934780407	0.0013690723876041023	0.0012233772833839943	0.0014552600283110932	0.001201267039421295	0.0012037251555068551	0.0011576721092347352	0.0012605275681237605	0.0013689647548421426	0.0013340777713461837	0.0013354975664522958	0.0015080119362922866	0.0013969326227488603	0.001276183176507198	0.0013687428538626224	0.0013841115381355708	0.0010601093104015264	0.0010867322577341686	0.001164863294554346	0.001275181653726248	0.0010560207644738802	0.001061568886130334	0.0012915443235328766	0.0014993066730992716	0.0014924266313624944	0.0025495466753915346	0.002466300164213599	0.0027246232308339537	0.0023550615703204114	0.001721674257808365	0.0023498233444240128	0.0015056852260681875	0.001325972850400792	0.0017819955808025965	0.0021163037943546783	0.0016884823807194454	0.0019103748323300307	0.0025795445334399715	0.0016520199000012066	0.0017343072103869041	0.0018630203970971453	0.0017414239145021524	0.0023960916092670564	0.0025136978239239556	0.001794507871256072	0.0031458175805345206	0.0017553597209688928	0.0011143940057268828	0.002347829156902186	0.0017001588896335491	0.0014648205521496506	0.0015490359905437974	0.0013196010760832266	0.001845773889185778	0.0017181378728146292	0.001314255083688093	0.0014635171676478582	0.001503832021869467	0.0017367442241159152	0.0016197004352657334	0.001531369730012974	0.0012682715600375195	0.0013056775788838552	0.0011182954663236375	0.001062027777414509	0.0010775727353640688	0.0010736962570950862	0.002730821350802727	0.0010565686205826856	0.002684367197311134	0.001056573471179359	0.0032588566161884168	0.0014540206858483843	0.001554822176327571	0.0012389021349565918	0.001243743140684604	0.0012768378910417723	0.001173323165202154	0.0011528349708436164	0.0014326216353245584	0.001719573057476772	0.002843102047060574	0.0024357893997634626	0.0018064373778240964	0.0010291333732806445	0.0011475150325812753	0.0011836828671565713	0.0018654666976389573	0.0011864142404742135	0.0011307017223830533	0.0012713389595225971	0.0011075747017695926	0.0012960953448145716	0.0011419077239427035	0.0011666607261753535	0.0011410208148846367	0.0011842657007614479	0.001189523013648749	0.0011830129965473748	0.0013037046252890286	0.0012175206724035516	0.0012035723908431935	0.0012464940834195739	0.0011218523744236596	0.0010774330605657135	0.0011760592034417332	0.0011974407083442601	0.0013352820863023692	0.0014696724124783735	0.0014405411309643343	0.0018714462321958376	0.001444771954323586	0.001185093350753435	0.0011377121780134036	0.0012689570520707165	0.0015000901639568198	0.0012863659082858192	0.0011416897564575075	0.0013240150112442098	0.0013154808056372418	0.0014207525294716182	0.001152907628563538
Aspirina	0.0015617967957452087	0.0008152341688128627	0.0007117645326932227	0.0007536910839329303	0.0008460330962793354	0.0007145832701652047	0.0	0.000666542946853391	0.0008872709563600084	0.0008531364193374928	0.0008993164070559365	0.0008247601166399812	0.0008539834600271823	0.00212205456927949	0.002001258041832688	0.0020549745740519546	0.002309861790778833	0.001116844886275618	0.0013337213914457518	0.001469203951124556	0.0013115387908864886	0.0013360374583072138	0.0016367643385655742	0.001616170783054812	0.0016316526897596827	0.002205446440066043	0.00113183214303182	0.0011686597879622645	0.0014419713936136233	0.0011840549406594296	0.0013920448008235926	0.0015271769707535527	0.0013242551680095517	0.0013173368969250055	0.0011461398311288196	0.0012081893477431439	0.0013014506329477142	0.001218051004679199	0.0012285894350839938	0.001734241837230317	0.001571927511846527	0.0014091287201671856	0.0015289148929878357	0.00162367499826782	0.0009274101034601694	0.000960163137180345	0.001287481590159643	0.0014578940290707056	0.0010450783965808492	0.0008961348949795462	0.001325657442422438	0.0015617282894280953	0.0015495136333701645	0.002589333698077563	0.002537627385965094	0.002878210728907808	0.0024468302454400135	0.0018267590153055176	0.0024614807535302888	0.0016323321506360139	0.0014402948482862806	0.001787575313098716	0.0021283318585220688	0.001680197161049859	0.0018454925494295524	0.0026219260573097833	0.0015796672117886115	0.001595725618645011	0.0017416656539072026	0.001579454969285292	0.0022011438503650835	0.002275448527213923	0.0018878332156204852	0.003196082915069646	0.0017872683066624288	0.0012335731636186008	0.0022887989208316335	0.0017130817260130916	0.0014547039217655295	0.0014066725809512351	0.0011585243847239462	0.0018431082442439421	0.0016755651285461802	0.0011078063571762008	0.0013560212940805947	0.00149629826572111	0.0017222468609348624	0.0016249751536562063	0.001543453595026426	0.0011978069543962418	0.0013219780973979863	0.001218482868160238	0.001080621233365328	0.0010556186574705855	0.0011077893764159324	0.002763464130398661	0.0010228985775725772	0.0027152294562338645	0.0011175932846970783	0.0033208769301006896	0.001571642701085394	0.0016718518923636752	0.001296015914254143	0.0013150191063250737	0.0012667741511413963	0.0011393395016411935	0.0009522014335212912	0.0013884660600821366	0.0019248087567340201	0.0029791486199919645	0.002560477250435943	0.001920385833628233	0.0010209731876988748	0.0012294020904488492	0.0012920978600709746	0.001916927945959366	0.0013004426169577793	0.0011798623584978031	0.0012492277614590556	0.0011066123621214419	0.0013841475112320908	0.0012551880337224367	0.0012343889176430587	0.0012085562667910861	0.0012537449900199003	0.0012440169813953497	0.00116715915795576	0.0011787917542975966	0.0012979681229637339	0.001226444352590039	0.001309715522546787	0.001197493841320281	0.0010227466695130324	0.0011151607507440353	0.0011885333398773488	0.0014347994633397377	0.0015809161109938763	0.0015775065768484186	0.0019027587209102456	0.001569201787534037	0.0012447489706764179	0.0011192616986210177	0.0011526535689442873	0.0014980172729311247	0.001259673568826464	0.0011343968661804407	0.0013005996693833208	0.0014527584107483283	0.0015079257276139318	0.001127711288406746
Aspirina	0.0015536297777141083	0.0008008390912037198	0.0006810559815463062	0.0008599117687297929	0.0008686293801155935	0.0008087525888675723	0.000666542946853391	0.0	0.0008554164190615021	0.0008842747027932003	0.0009439224014716455	0.0009272789493998052	0.0008541945036114436	0.0021373701118430526	0.0020226621690237773	0.00207907587644126	0.002318086666304776	0.0011876019956197452	0.0013887295453039134	0.001499926081512025	0.0013347422972244565	0.0013782328504284031	0.00165662050572846	0.0016636644793948142	0.0016595830801740571	0.0022258610693392297	0.0011263214461245071	0.0011168010118190268	0.0013808765332208402	0.0011137345296344178	0.0014019602802861483	0.0015229486202758139	0.0013372811035829424	0.0013434922776108596	0.0011406341054431082	0.0011508648921572013	0.001251963358090007	0.0011861404849342276	0.0011786666195324291	0.0017919590536616575	0.001645299699902722	0.0014614871706587125	0.0015673850037562615	0.0016842836756318605	0.0008758864081603279	0.0008898251232686128	0.0013250619211946345	0.0015642910534807816	0.0011090437795686886	0.0008468803044114332	0.001310526771817349	0.00150745323310543	0.0015073340704701184	0.0025722468777316116	0.0025051672099881987	0.0029185301951496104	0.0024580882307191627	0.0018745730180497065	0.0024597717373772833	0.0015975179967687408	0.001446779440688873	0.0017753926326308758	0.002117170281295295	0.0015963984465038794	0.0018372021527311563	0.0025700008268481245	0.0014822336185635547	0.00145813948235414	0.0016405967664237311	0.0014634117670703627	0.0020571506386261543	0.0021896415231722273	0.0019299303743917796	0.0032097844164367248	0.001804118898520825	0.0012206114246556942	0.002264362272252395	0.00169882591809755	0.0014046485325518302	0.0014181859010722127	0.0011594234558607152	0.0018228539436828137	0.001637138815128385	0.0010760361401923278	0.0013381893550615336	0.0015169759391631794	0.001735348596103963	0.001546176332117397	0.0014689795778022238	0.001092034111188842	0.0014335601103546425	0.0012147514148993627	0.0011011097810845218	0.0011190269210345225	0.0011037896097082997	0.002766684206771716	0.0010800995324505996	0.0027384623422643663	0.0011088993416897685	0.0033186658215124693	0.0016349200316452812	0.0017033092056347237	0.0013480748310090223	0.0012942141437953785	0.0013092319313246247	0.0010748811562214693	0.0009703026177435589	0.001380910931233439	0.0018932785716845675	0.002917568165441905	0.00252465665982526	0.0018062978021356317	0.0009486402110389397	0.0012180486443488228	0.0013526241458734923	0.0019690597375397203	0.0013329501115945813	0.001205963301680445	0.0012407779817517736	0.0011541585982870806	0.0014551640192260096	0.0012674503935065865	0.0012276292192677728	0.0012064886033444362	0.0012204032120573922	0.0012835901799250428	0.0011678240449656799	0.0011878423716975253	0.0013396539365560052	0.0012523017807222064	0.001290284949148832	0.0011988859411970778	0.0010314018373068783	0.001099689956305869	0.0010320460261054269	0.001342744204977257	0.0015518565494271755	0.0015044512288539017	0.0018805021270926563	0.0014799379209953427	0.0011814186387559672	0.0010807089108543534	0.0010794305211545595	0.0014292224284554185	0.0011907134415970971	0.0010177105433275234	0.0011470002179598782	0.0013962272379523415	0.0014159929378354979	0.0010445090952212938
Aspirina	0.0019013748476299987	0.0008954373233230824	0.0008626007187569481	0.0010264596923406219	0.0008744711258812379	0.0007173126933214008	0.0008872709563600084	0.0008554164190615021	0.0	0.0007534945255275585	0.0007082843708567894	0.0008863955099164257	0.0006812672016176932	0.001974131554633586	0.0018902290866453207	0.0019581867250086276	0.0021850017602967724	0.0012420437794216461	0.0013268496523721153	0.001349648102284447	0.001249443376067922	0.0013633696820745304	0.0015351178293538286	0.0015382895533676353	0.0015546775389128128	0.0020360090250291104	0.001329937122573848	0.0012959512336504042	0.0016605560062822344	0.0014072816891084732	0.0013278111979871249	0.0015305854272140483	0.001321377122550565	0.0012963492006400161	0.0012071028591217918	0.0013384282760013717	0.0014610164270123743	0.001442065705853933	0.0014414450214975262	0.001623048058438202	0.0015356205756957063	0.0013766232236890417	0.0014838913369920339	0.0015170912134740025	0.0011760066964095091	0.0011926214822817875	0.0012845681939858257	0.0014002554231282288	0.0012028941162878814	0.0011726290973705221	0.0013798613189918766	0.0015700355091525797	0.0015466527567621646	0.00258431030451067	0.002462470812009765	0.0027760062589987176	0.0023980409712930357	0.00180796480883893	0.0024145952559383567	0.0015831350226686318	0.00142104767689195	0.001796776210327819	0.002158696307959968	0.0016867614680208976	0.0018906769951527924	0.0025626421911769098	0.001635877975278108	0.0017046354448972388	0.0018569421100292829	0.0017165161665419878	0.0023607860978919716	0.002491311853221116	0.0018587202586726117	0.003170125036966217	0.0018171552630416575	0.0012452445542944588	0.0023560360247670336	0.0017305122796443823	0.0015011726249835522	0.0015953985395505438	0.001422478295089245	0.001912375159324129	0.0017740725041553356	0.0013741007150132806	0.0015628544397991802	0.001551662253842635	0.0017939834168687278	0.0016711941838098915	0.0015655305011401102	0.0013475753225701379	0.0013906347795161766	0.0012241524619098743	0.0011443911044743417	0.0011940605093545339	0.0011708551159302352	0.0027242768306469955	0.0011557048714961806	0.0026953294325555155	0.0011887329388891364	0.00325957463480667	0.001600605310460704	0.0016840420125400712	0.0014155472440014172	0.0013555884331167797	0.0014390165044223817	0.001273656252683592	0.0012568803324103726	0.001543956524646991	0.0017800473308314082	0.0028661570525705758	0.0024621399229125982	0.0018211103755676108	0.0011629578668206372	0.0013059983728933224	0.0013399312221155256	0.001998806268751427	0.001335810521743264	0.0012274376705152933	0.0013774874772570556	0.0012298022686594802	0.0014268066715045894	0.0012939253262843286	0.0013153221088387458	0.0012606980209391957	0.001246723405571583	0.0013106164580074548	0.0012881272258593104	0.0014019132462460026	0.0013134669652221957	0.0013074576474976173	0.0013220374427375388	0.0012498008841411532	0.0012172041735058284	0.0012212873331038875	0.0012694543118994108	0.00138694439326168	0.0015325418428219194	0.0015320253751162228	0.0018916482231112642	0.0014857070707242407	0.0012709139427986504	0.0012675014792890812	0.001323744310658219	0.0015164679356979534	0.0013352309725287253	0.001233773885280446	0.0012949972007691775	0.0014231285079008167	0.0014470932070879215	0.0012493130112185681
Aspirina	0.0019914076381293703	0.0008180030562290109	0.000993398208172334	0.0009218980420849153	0.0007389429950950204	0.0006916339349684913	0.0008531364193374928	0.0008842747027932003	0.0007534945255275585	0.0	0.0007556664277311766	0.0008083025423688811	0.0007250896496296173	0.001844503414201234	0.0017886486519157422	0.0018345989343723059	0.002069034736900277	0.0012208911704161044	0.0012627685852918606	0.0012552888113896358	0.001212131902888461	0.0012986655997600013	0.0014782130259201498	0.0014332495421244713	0.0014226813592649612	0.0019157414361024847	0.0013242181655603422	0.0013788162132786228	0.001694735746362841	0.0015294135648999615	0.0012778050232723315	0.0015057855923072197	0.0012797620872646617	0.0012857728220801706	0.001324103040741165	0.0013970763221814347	0.0015079340171240952	0.0015088860129247688	0.0014883332120194082	0.0015317143989660774	0.0014220644157350957	0.0012551517836500905	0.001364017228630196	0.0013702750636277457	0.0011552332015658166	0.0012170891503912107	0.0012211609210091856	0.001300997213678802	0.0012040106747865655	0.0011407865707484491	0.0012826515191781422	0.0014817449173187677	0.0014626411897659675	0.0025651200264315208	0.0024097336989800412	0.002709168830102699	0.002379901993780422	0.0017333738056172388	0.002311486264289717	0.0014366843773076967	0.00125819136064432	0.0018040333284060964	0.0021051606233254464	0.0016610366492043475	0.0019358557539238257	0.0025355254879413074	0.0016590921463258176	0.0017397014111622709	0.001907956105365113	0.0017287118759353732	0.0024444089265096476	0.0025871252868773275	0.0017697943383342522	0.003140672260838442	0.0017661283220649561	0.0011828679131669793	0.0023765567003545328	0.0017568113871443288	0.0014421755267650341	0.0016227817166828075	0.0014437359523126116	0.001904522971770092	0.0017917928870268384	0.0014290027204312819	0.0015819450053652327	0.0015988986052905307	0.0017963236067034232	0.001676629654992422	0.0015521476250666402	0.001356432545318789	0.0014315142821502023	0.0011668272151437009	0.001097079532212685	0.00117567618841244	0.0011712624182906254	0.002788903861734939	0.0011673436726174526	0.002738718724148219	0.0011362086076068965	0.003275135914717891	0.0014258298460458048	0.0014972050627753053	0.0012569397360255598	0.0011956109316997746	0.0013685179940358856	0.0012538059060317132	0.0012432079954697863	0.0015064711248477384	0.001629199496685416	0.0027413732416436878	0.0023895711958424734	0.001674386156177843	0.0011155379868027844	0.001141046120890829	0.001293860282256164	0.0018769215487068162	0.001240545545314644	0.0012437184307551316	0.0013682416635960204	0.0011968948032304277	0.0013481067049199039	0.0012124690717704959	0.0012040364404784453	0.001143519785574349	0.0011902261339762315	0.0012296379548468752	0.0012566874114114473	0.001369576668171596	0.0012817654296828265	0.0012022077607468694	0.0012220728292536445	0.0011484727902741129	0.001175385894079048	0.0012574407540715416	0.001138674997530026	0.001207148810213558	0.0013926905614672657	0.0013518044422178837	0.0018034125983811943	0.0013606529682472323	0.0011366341759774803	0.0011667193321446279	0.0013123960911249355	0.0014159636294764097	0.001254475288716365	0.001161664753704788	0.0013079257433050266	0.0012460500591870308	0.0013484525390239006	0.0010522794305696573
Aspirina	0.0019741420848560978	0.0009263650738234899	0.0009039022347577208	0.0010048006021096932	0.0009324116580137755	0.0007497567939005275	0.0008993164070559365	0.0009439224014716455	0.0007082843708567894	0.0007556664277311766	0.0	0.0008843417043202228	0.0006879151473837466	0.001937218352432169	0.001823906727330103	0.001866199346265023	0.0020870611377005674	0.0012461466607105289	0.0013108927301652114	0.0013457026974781606	0.0012763490901787037	0.0013235195654012848	0.0015096534370510352	0.0014600383556605653	0.0015082456696440397	0.0019693462113097304	0.0014011621961785871	0.001367290002157552	0.0016908094215493383	0.001485881809734544	0.0013698365696315727	0.0016159497207524729	0.0013581727614703513	0.0013680941122598273	0.0013282247974270014	0.0014300160838256323	0.001522464038984175	0.001523334254193742	0.0014903034925812925	0.0016257303743241103	0.001542284410379619	0.0014014038497164197	0.0015158808495393018	0.0014789896889431005	0.0012357325762477917	0.0012930836206525866	0.0013378436736031624	0.0014014224916134334	0.0012765741478660759	0.0012404802497420105	0.0013839863310921826	0.0015490297769894573	0.0015398249900556882	0.0025744648958570034	0.002401991829711337	0.0027571210528375472	0.0023791722825386202	0.001798778057460114	0.002400204991245546	0.0015681730612403728	0.0014574948541933174	0.0018194982824943763	0.0021465872914931713	0.0017168989486862649	0.0019070388695566702	0.0025382292548152565	0.0016256604811583503	0.0016987933217434098	0.0018517990576733794	0.001705046626928424	0.0023730031078782786	0.0025008536542548876	0.0018833851836520274	0.0031843354879786236	0.0018135024124604805	0.0012845860228104604	0.002365702327005667	0.0017216773797666012	0.0014700687058773827	0.0015987192530272465	0.0014575363631827512	0.0018987127218196994	0.0017715433948960943	0.0014431716720473661	0.0015729781467013443	0.0015645432240753222	0.0017817471060731355	0.0016564240851907471	0.0015678749950171398	0.0013520939316482433	0.0014511227515272486	0.0013008543346585727	0.0012627672984362563	0.001322929608860578	0.001276271386696418	0.0027719698771812096	0.0012649306305090406	0.0027416839715766026	0.0012683770141405115	0.0032745155893467584	0.001613086161640167	0.0016590338302759234	0.0014028445209644574	0.0013748371721771248	0.0015089493861624391	0.0013516086711766835	0.0013645214985481178	0.0016231386262423799	0.0017643034744623768	0.002844229069537122	0.0024157288237714124	0.001767141972225209	0.0012241355112894967	0.0013367759722556364	0.001377291029521356	0.00201382304336801	0.0013801485427300945	0.0012637671601208836	0.001394104730642573	0.0012780842773463734	0.0013761239235076173	0.0012818043922533562	0.001284553618966526	0.0013008586587327615	0.0012878377226964587	0.0012828597935861889	0.0012707401386593564	0.0014011270463451945	0.0013340590394469044	0.0013070919057204791	0.0013076302038420495	0.001271839809095469	0.0012523379136638794	0.0012767429263559672	0.0013048764309312971	0.001383424013092156	0.0014639363886453528	0.0015199963815746406	0.001856264865260343	0.0014873989881669248	0.0012774995107631168	0.0013354616243082388	0.0013119989519812898	0.0015989980456523401	0.0013368571352242531	0.001277101699161034	0.001366610954148986	0.0014375698243911494	0.0014576036841336512	0.0012748159671105476
